milliseconds since epoch,weight grams float
1691685047815,0.0
1691685047907,0.0
1691685048025,0.0
1691685048115,0.0
1691685048234,0.0
1691685048324,0.0
1691685048443,0.0
1691685048533,0.0
1691685048594,0.0
1691685048684,0.0
1691685048803,0.0
1691685048893,0.0
1691685049015,0.0
1691685049104,0.0
1691685049194,0.0
1691685049315,0.0
1691685049405,0.0
1691685049526,0.0
1691685049615,0.0
1691685049706,0.0
1691685049824,0.0
1691685049914,0.0
1691685050033,0.0
1691685050126,0.0
1691685050215,0.0
1691685050333,0.0
1691685050367,0.0
1691685050483,0.0
1691685050574,0.0
1691685050666,0.0
1691685050783,0.0
1691685050875,0.0
1691685050994,0.0
1691685051084,0.0
1691685051204,0.0
1691685051296,0.0
1691685051356,0.0
1691685051476,0.0
1691685051562,0.0
1691685051682,0.0
1691685051773,0.0
1691685051866,0.0
1691685051982,0.0
1691685052073,0.0
1691685052195,0.0
1691685052282,0.0
1691685052343,0.0
1691685052435,0.0
1691685052553,0.0
1691685052643,0.0
1691685052763,0.0
1691685052854,0.0
1691685052943,0.0
1691685053035,0.0
1691685053156,0.0
1691685053243,0.0
1691685053335,0.0
1691685053454,0.0
1691685053573,0.0
1691685053664,0.0
1691685053755,0.0
1691685053875,0.0
1691685053934,0.0
1691685054025,0.0
1691685054115,0.0
1691685054234,0.0
1691685054354,0.0
1691685054414,0.0
1691685054534,0.0
1691685054624,0.0
1691685054715,0.0
1691685054834,0.0
1691685054954,0.0
1691685055044,0.0
1691685055136,0.0
1691685055255,0.0
1691685055356,0.0
1691685055436,0.0
1691685055558,0.0
1691685055647,0.0
1691685055764,0.0
1691685055797,0.0
1691685055915,0.0
1691685056006,0.0
1691685056094,0.0
1691685056185,0.0
1691685056305,0.0
1691685056394,0.0
1691685056513,0.0
1691685056603,0.0
1691685056692,0.0
1691685056813,0.0
1691685056903,0.0
1691685056994,0.0
1691685057112,0.0
1691685057202,0.0
1691685057323,0.0
1691685057413,0.0
1691685057504,0.0
1691685057622,0.0
1691685057732,0.0
1691685057807,0.0
1691685057893,0.0
1691685058012,0.0
1691685058102,0.0
1691685058197,0.0
1691685058252,0.0
1691685058376,0.0
1691685058465,0.0
1691685058554,0.0
1691685058679,0.0
1691685058765,0.0
1691685058885,0.0
1691685058979,0.0
1691685059096,0.0
1691685059186,0.0
1691685059281,0.0
1691685059398,0.0
1691685059487,0.0
1691685059583,0.0
1691685059699,0.0
1691685059756,0.0
1691685059875,0.09999999999999999
1691685059935,0.58
1691685060057,1.0999999999999999
1691685060150,1.66
1691685060266,2.1999999999999997
1691685060356,2.63
1691685060450,3.0599999999999996
1691685060568,3.38
1691685060655,3.7099999999999995
1691685060774,4.079999999999999
1691685060870,4.39
1691685060925,4.719999999999999
1691685061019,5.05
1691685061137,5.39
1691685061226,5.7299999999999995
1691685061346,6.06
1691685061439,6.35
1691685061555,6.63
1691685061645,6.989999999999999
1691685061738,7.43
1691685061856,7.8599999999999985
1691685061946,8.19
1691685062065,8.47
1691685062157,8.79
1691685062216,9.17
1691685062308,9.559999999999999
1691685062426,10.040000000000001
1691685062518,10.489999999999998
1691685062635,10.91
1691685062727,11.32
1691685062817,11.729999999999999
1691685062936,12.149999999999999
1691685063028,12.54
1691685063148,12.959999999999999
1691685063236,13.41
1691685063357,13.84
1691685063448,14.229999999999999
1691685063506,14.589999999999998
1691685063599,14.879999999999999
1691685063689,15.269999999999998
1691685063810,15.54
1691685063900,15.889999999999997
1691685064019,16.249999999999996
1691685064109,16.54
1691685064235,16.88
1691685064319,17.24
1691685064410,17.589999999999996
1691685064536,18.03
1691685064619,18.48
1691685064738,18.95
1691685064771,19.34
1691685064888,19.79
1691685064978,20.229999999999997
1691685065104,20.7
1691685065188,21.2
1691685065280,21.669999999999998
1691685065398,22.08
1691685065491,22.47
1691685065610,22.89
1691685065699,23.29
1691685065825,23.81
1691685065909,24.389999999999997
1691685066001,24.86
1691685066125,25.269999999999996
1691685066210,25.779999999999998
1691685066299,26.25
1691685066361,26.64
1691685066480,27.08
1691685066569,27.47
1691685066659,27.83
1691685066779,28.080000000000002
1691685066869,28.39
1691685066995,28.700000000000003
1691685067080,29.110000000000003
1691685067198,29.460000000000004
1691685067261,29.790000000000003
1691685067347,30.160000000000004
1691685067439,30.560000000000002
1691685067564,31.01
1691685067650,31.400000000000002
1691685067771,31.750000000000007
1691685067865,32.23000000000001
1691685067983,32.74000000000001
1691685068102,33.09000000000002
1691685068136,33.360000000000014
1691685068265,33.60000000000001
1691685068341,33.85000000000001
1691685068432,34.04000000000001
1691685068549,34.37000000000001
1691685068641,34.81000000000002
1691685068760,35.27000000000001
1691685068850,35.61000000000001
1691685068940,35.82000000000001
1691685069060,35.82000000000001
1691685069152,35.79000000000001
1691685069272,35.79000000000001
1691685069361,35.79000000000001
1691685069421,35.780000000000015
1691685069512,35.780000000000015
1691685069631,35.780000000000015
1691685069722,35.77000000000001
1691685069841,35.77000000000001
1691685069933,35.77000000000001
1691685070023,35.77000000000001
1691685070141,35.76000000000001
1691685070233,35.76000000000001
1691685070351,35.76000000000001
1691685070440,35.76000000000001
1691685070533,36.58000000000001
1691685070650,39.890000000000015
1691685070740,12.400000000000013
1691685070831,-9.699999999999985
1691685070951,25.14000000000001
1691685071011,30.95000000000001
1691685071102,34.66000000000001
1691685071192,47.76000000000001
1691685071311,15.280000000000014
1691685071402,14.960000000000013
1691685071521,27.71000000000001
1691685071612,13.580000000000014
1691685071761,39.91000000000001
1691685071821,37.210000000000015
1691685071910,16.900000000000013
1691685072029,32.03000000000001
1691685072120,32.25000000000001
1691685072240,30.66000000000001
1691685072329,44.960000000000015
1691685072420,20.030000000000012
1691685072539,8.910000000000013
1691685072599,39.80000000000002
1691685072689,18.380000000000013
1691685072780,15.630000000000015
1691685072899,32.13000000000001
1691685072990,14.930000000000014
1691685073110,25.270000000000014
1691685073231,33.33000000000001
1691685073261,6.470000000000014
1691685073381,32.890000000000015
1691685073470,52.33000000000001
1691685073560,45.27000000000001
1691685073682,77.61000000000001
1691685073771,23.050000000000015
1691685073890,-13.779999999999985
1691685073982,-87.35999999999997
1691685074099,-123.60999999999999
1691685074191,-124.30999999999997
1691685074280,-123.88999999999999
1691685074401,-119.75999999999998
1691685074491,-121.31999999999998
1691685074610,-124.09999999999997
1691685074640,-123.99999999999999
1691685074759,-123.98999999999997
1691685074880,-123.97999999999998
1691685074971,-123.86999999999998
1691685075091,-123.85999999999999
1691685075181,-123.86999999999998
1691685075270,-123.85999999999999
1691685075390,-123.70999999999998
1691685075482,-123.67999999999998
1691685075591,-123.63999999999999
1691685075692,-123.61999999999998
1691685075752,-123.59999999999997
1691685075841,-123.57999999999998
1691685075960,-123.55999999999997
1691685076052,-123.53999999999998
1691685076142,-123.51999999999997
1691685076262,-123.49999999999999
1691685076380,-123.45999999999998
1691685076475,-123.45999999999998
1691685076561,-123.16999999999997
1691685076682,-123.17999999999998
1691685076711,-123.15999999999997
1691685076830,-123.13999999999997
1691685076920,-123.12999999999995
1691685077044,-122.98999999999995
1691685077131,-122.97999999999996
1691685077221,-122.95999999999997
1691685077342,-122.92999999999996
1691685077432,-122.92999999999996
1691685077552,-122.90999999999997
1691685077643,-122.89999999999998
1691685077766,-122.87999999999997
1691685077825,-122.87999999999997
1691685077916,-122.67999999999998
1691685078033,-122.65999999999997
1691685078153,-122.64999999999998
1691685078215,-122.63999999999999
1691685078334,-122.62999999999997
1691685078423,-122.62999999999997
1691685078543,-122.61999999999998
1691685078633,-122.61999999999998
1691685078754,-122.60999999999999
1691685078843,-122.45999999999998
1691685078936,-122.45999999999998
1691685079055,-122.44999999999997
1691685079143,-122.43999999999998
1691685079205,-122.41999999999997
1691685079295,-122.41999999999997
1691685079415,-122.40999999999997
1691685079505,-122.39999999999998
1691685079624,-122.38999999999999
1691685079713,-122.37999999999997
1691685079805,-122.35999999999999
1691685079925,-122.35999999999999
1691685080013,-122.34999999999998
1691685080103,-122.34999999999998
1691685080225,-122.32999999999998
1691685080314,-122.17999999999998
1691685080434,-122.15999999999997
1691685080524,-122.15999999999997
1691685080583,-122.14999999999998
1691685080733,-122.13999999999999
1691685080763,-122.12999999999997
1691685080883,-122.12999999999997
1691685080976,-122.10999999999999
1691685081093,-122.09999999999998
1691685081182,-122.08999999999997
1691685081276,-122.07999999999998
1691685081394,-122.07999999999998
1691685081483,-122.05999999999997
1691685081602,-122.05999999999997
1691685081695,-122.00999999999998
1691685081784,-121.98999999999997
1691685081905,-121.96999999999998
1691685081995,-121.95999999999998
1691685082055,-121.94999999999997
1691685082143,-121.93999999999998
1691685082263,-121.92
1691685082354,-121.90999999999998
1691685082473,-121.90999999999998
1691685082564,-121.89999999999999
1691685082683,-121.89999999999999
1691685082774,-121.89999999999999
1691685082893,-121.89
1691685082983,-121.89
1691685083074,-121.87999999999998
1691685083193,-121.87999999999998
1691685083285,-121.86999999999999
1691685083376,-121.86999999999999
1691685083464,-121.85
1691685083527,-121.85
1691685083650,-121.83
1691685083737,-121.83
1691685083826,-121.82000000000001
1691685083947,-121.82000000000001
1691685084038,-121.81000000000002
1691685084157,-121.81000000000002
1691685084246,-121.81000000000002
1691685084367,-121.81000000000002
1691685084457,-121.8
1691685084548,-121.8
1691685084667,-117.0
1691685084726,-97.08000000000001
1691685084817,-66.89
1691685084967,-3.3400000000000145
1691685085027,38.52999999999998
1691685085178,49.02999999999998
1691685085237,38.069999999999986
1691685085326,35.28999999999998
1691685085446,35.29999999999998
1691685085553,35.28999999999998
1691685085628,35.28999999999998
1691685085746,35.28999999999998
1691685085838,35.28999999999998
1691685085956,35.28999999999998
1691685086048,35.28999999999998
1691685086168,35.28999999999998
1691685086202,35.28999999999998
1691685086316,35.28999999999998
1691685086407,35.28999999999998
1691685086526,35.28999999999998
1691685086616,35.28999999999998
1691685086707,35.29999999999998
1691685086827,35.29999999999998
1691685086916,35.319999999999986
1691685087008,35.319999999999986
1691685087129,35.319999999999986
1691685087218,35.319999999999986
1691685087339,35.329999999999984
1691685087427,35.329999999999984
1691685087547,35.329999999999984
1691685087636,35.329999999999984
1691685087696,35.319999999999986
1691685087786,35.319999999999986
1691685087905,35.29999999999998
1691685087996,35.29999999999998
1691685088115,35.28999999999998
1691685088206,35.28999999999998
1691685088328,35.27999999999999
1691685088416,35.27999999999999
1691685088507,35.27999999999999
1691685088626,35.33999999999998
1691685088688,35.329999999999984
1691685088777,35.319999999999986
1691685088867,35.30999999999999
1691685088986,35.30999999999999
1691685089080,35.29999999999998
1691685089168,35.29999999999998
1691685089293,35.28999999999998
1691685089378,35.26999999999998
1691685089499,35.26999999999998
1691685089589,35.259999999999984
1691685089710,35.259999999999984
1691685089799,35.24999999999998
1691685089889,35.24999999999998
1691685090039,35.24999999999998
1691685090099,35.24999999999998
1691685090160,35.23999999999999
1691685090249,35.23999999999999
1691685090369,35.24999999999998
1691685090457,35.24999999999998
1691685090548,35.24999999999998
1691685090667,35.24999999999998
1691685090757,35.259999999999984
1691685090880,35.259999999999984
1691685090967,35.259999999999984
1691685091087,35.259999999999984
1691685091180,35.24999999999998
1691685091297,35.24999999999998
1691685091386,35.23999999999999
1691685091476,35.23999999999999
1691685091567,35.23999999999999
1691685091687,35.23999999999999
1691685091716,35.23999999999999
1691685091897,35.23999999999999
1691685091924,35.24999999999998
1691685092043,35.24999999999998
1691685092134,35.24999999999998
1691685092254,35.24999999999998
1691685092343,35.29999999999998
1691685092434,35.29999999999998
1691685092553,35.29999999999998
1691685092644,35.29999999999998
1691685092765,35.30999999999999
1691685092854,35.30999999999999
1691685092974,35.30999999999999
1691685093004,35.29999999999998
1691685093149,35.29999999999998
1691685093214,35.28999999999998
1691685093336,35.27999999999999
1691685093423,35.27999999999999
1691685093514,35.27999999999999
1691685093635,35.27999999999999
1691685093726,35.26999999999998
1691685093846,35.26999999999998
1691685093937,35.24999999999998
1691685094056,35.24999999999998
1691685094147,35.24999999999998
1691685094238,35.24999999999998
1691685094296,35.23999999999999
1691685094446,35.23999999999999
1691685094535,35.23999999999999
1691685094654,35.23999999999999
1691685094745,35.23999999999999
1691685094835,35.23999999999999
1691685094957,35.23999999999999
1691685094986,35.23999999999999
1691685095108,35.24999999999998
1691685095225,35.24999999999998
1691685095314,35.24999999999998
1691685095405,35.24999999999998
1691685095525,35.24999999999998
1691685095616,35.24999999999998
1691685095676,35.24999999999998
1691685095796,35.24999999999998
1691685095885,35.24999999999998
1691685096010,35.24999999999998
1691685096096,35.259999999999984
1691685096217,35.259999999999984
1691685096306,35.259999999999984
1691685096426,35.259999999999984
1691685096457,35.24999999999998
1691685096576,35.24999999999998
1691685096666,35.24999999999998
1691685096784,35.24999999999998
1691685096875,35.23999999999999
1691685096997,35.23999999999999
1691685097084,35.23999999999999
1691685097175,35.23999999999999
1691685097294,35.22999999999998
1691685097384,35.22999999999998
1691685097504,35.22999999999998
1691685097594,35.22999999999998
1691685097716,35.23999999999999
1691685097746,35.23999999999999
1691685097867,35.23999999999999
1691685097956,35.23999999999999
1691685098075,35.22999999999998
1691685098167,35.22999999999998
1691685098284,35.22999999999998
1691685098375,35.22999999999998
1691685098494,35.22999999999998
1691685098553,35.22999999999998
1691685098646,35.22999999999998
1691685098765,35.22999999999998
1691685098855,35.21999999999998
1691685098946,35.21999999999998
1691685099065,35.21999999999998
1691685099157,35.21999999999998
1691685099277,35.21999999999998
1691685099368,35.21999999999998
1691685099489,35.21999999999998
1691685099574,35.21999999999998
1691685099635,35.21999999999998
1691685099727,35.21999999999998
1691685099847,35.21999999999998
1691685099941,35.21999999999998
1691685100027,35.22999999999998
1691685100147,35.22999999999998
1691685100235,35.22999999999998
1691685100359,35.22999999999998
1691685100445,35.22999999999998
1691685100537,35.22999999999998
1691685100654,35.22999999999998
1691685100746,35.22999999999998
1691685100864,35.22999999999998
1691685100927,35.22999999999998
1691685101015,35.22999999999998
1691685101105,35.22999999999998
1691685101201,35.21999999999998
1691685101315,35.21999999999998
1691685101407,35.21999999999998
1691685101526,35.21999999999998
1691685101647,35.20999999999999
1691685101765,35.20999999999999
1691685101827,35.20999999999999
1691685101948,35.20999999999999
1691685102034,35.18999999999998
1691685102124,35.18999999999998
1691685102275,35.18999999999998
1691685102334,35.18999999999998
1691685102425,35.17999999999998
1691685102485,35.17999999999998
1691685102604,35.17999999999998
1691685102694,35.17999999999998
1691685102786,35.16999999999999
1691685102904,35.16999999999999
1691685102995,35.16999999999999
1691685103086,35.16999999999999
1691685103220,35.11999999999998
1691685103296,35.12999999999998
1691685103416,35.139999999999986
1691685103507,35.149999999999984
1691685103596,35.15999999999998
1691685103717,35.16999999999999
1691685103808,35.16999999999999
1691685103928,35.16999999999999
1691685104017,35.16999999999999
1691685104109,35.16999999999999
1691685104169,35.17999999999998
1691685104295,35.17999999999998
1691685104380,35.17999999999998
1691685104470,35.17999999999998
1691685104588,35.17999999999998
1691685104679,35.17999999999998
1691685104799,35.17999999999998
1691685104888,35.17999999999998
1691685104981,35.16999999999999
1691685105100,35.16999999999999
1691685105165,35.15999999999998
1691685105299,35.15999999999998
1691685105370,35.42999999999998
1691685105466,36.19999999999998
1691685105583,36.82999999999998
1691685105670,37.61999999999998
1691685105790,38.36999999999998
1691685105883,39.00999999999999
1691685106001,39.66999999999999
1691685106089,40.22999999999999
1691685106186,40.73999999999999
1691685106301,41.27999999999999
1691685106388,41.78999999999999
1691685106452,42.319999999999986
1691685106539,42.76999999999999
1691685106658,43.239999999999995
1691685106753,43.80999999999999
1691685106869,44.33999999999999
1691685106957,44.80999999999999
1691685107053,45.29999999999999
1691685107170,45.80999999999999
1691685107258,46.37999999999999
1691685107378,46.91999999999999
1691685107473,47.46999999999999
1691685107531,47.94999999999999
1691685107649,48.36999999999999
1691685107741,48.78999999999999
1691685107830,49.32999999999999
1691685107951,49.76999999999999
1691685108042,50.12999999999999
1691685108159,50.51999999999999
1691685108250,50.87999999999999
1691685108377,51.32999999999999
1691685108459,51.789999999999985
1691685108519,52.23999999999999
1691685108642,52.65999999999999
1691685108730,53.09999999999999
1691685108850,53.579999999999984
1691685108946,53.999999999999986
1691685109063,54.479999999999976
1691685109095,54.999999999999986
1691685109213,55.54999999999998
1691685109302,55.99999999999998
1691685109420,56.40999999999998
1691685109515,56.88999999999998
1691685109601,57.399999999999984
1691685109719,57.85999999999998
1691685109814,58.34999999999999
1691685109932,58.81999999999998
1691685110022,59.28999999999998
1691685110143,59.75999999999998
1691685110233,60.19999999999998
1691685110351,60.64999999999998
1691685110418,61.19999999999998
1691685110502,61.759999999999984
1691685110591,62.33999999999999
1691685110710,62.80999999999999
1691685110803,63.26
1691685110920,63.69999999999999
1691685111011,64.11999999999999
1691685111137,64.57000000000001
1691685111254,65.09
1691685111311,65.54000000000002
1691685111438,65.99000000000001
1691685111461,66.38000000000001
1691685111612,66.73
1691685111705,67.11000000000001
1691685111791,67.47000000000001
1691685111913,67.81
1691685112008,68.19000000000001
1691685112123,68.55000000000001
1691685112211,68.94000000000001
1691685112301,69.29000000000002
1691685112360,69.71000000000001
1691685112479,70.11
1691685112572,70.56000000000002
1691685112660,71.06000000000002
1691685112779,71.64000000000001
1691685112873,72.22000000000001
1691685112990,72.74000000000002
1691685113080,73.32000000000002
1691685113176,73.90000000000002
1691685113294,74.50000000000003
1691685113381,75.03000000000003
1691685113500,75.67000000000003
1691685113561,76.32000000000002
1691685113652,77.01000000000002
1691685113771,77.73000000000002
1691685113862,78.44000000000003
1691685113951,79.17000000000003
1691685114071,79.90000000000002
1691685114190,80.66000000000003
1691685114281,81.47000000000003
1691685114371,82.18000000000004
1691685114491,82.75000000000003
1691685114614,83.39000000000001
1691685114672,84.07000000000002
1691685114792,84.66000000000003
1691685114882,85.29000000000002
1691685114971,85.96000000000002
1691685115033,86.54000000000002
1691685115153,87.13000000000002
1691685115243,87.74000000000002
1691685115368,88.34000000000003
1691685115452,88.95000000000003
1691685115554,89.51000000000002
1691685115702,90.05000000000001
1691685115753,90.59000000000003
1691685115872,91.26000000000002
1691685115962,91.85000000000002
1691685116022,92.42000000000003
1691685116143,93.04000000000002
1691685116238,93.65000000000002
1691685116321,94.25000000000003
1691685116441,94.90000000000002
1691685116561,95.52000000000002
1691685116654,96.16000000000003
1691685116740,96.77000000000002
1691685116860,97.32000000000004
1691685116955,97.96000000000002
1691685117012,98.67000000000002
1691685117105,99.36000000000001
1691685117221,99.98000000000002
1691685117310,100.67000000000002
1691685117407,101.36000000000001
1691685117525,101.94000000000003
1691685117610,102.62000000000003
1691685117701,103.28000000000002
1691685117824,103.93
1691685117912,104.54
1691685118001,105.14000000000001
1691685118125,105.74000000000001
1691685118211,106.33000000000001
1691685118329,106.95
1691685118426,107.54
1691685118510,108.19000000000001
1691685118628,108.81
1691685118719,109.43
1691685118778,110.1
1691685118869,110.75000000000001
1691685118994,111.36000000000001
1691685119079,111.95
1691685119170,112.51
1691685119288,113.04
1691685119380,113.64
1691685119468,114.17
1691685119595,114.76000000000002
1691685119679,115.24000000000002
1691685119801,115.73000000000002
1691685119919,116.17000000000002
1691685120014,116.71000000000002
1691685120099,117.23000000000003
1691685120220,117.75000000000001
1691685120281,118.19000000000001
1691685120369,118.65000000000002
1691685120490,119.12000000000002
1691685120583,119.62000000000002
1691685120668,120.07000000000002
1691685120788,120.52000000000002
1691685120882,121.02000000000002
1691685120969,121.52000000000001
1691685121090,121.91000000000001
1691685121183,122.30000000000001
1691685121301,122.70000000000002
1691685121388,123.22000000000003
1691685121450,123.73000000000002
1691685121540,124.20000000000002
1691685121688,124.70000000000002
1691685121752,125.30000000000003
1691685121839,125.91000000000003
1691685121958,126.4
1691685122054,126.93
1691685122171,127.54
1691685122258,128.19
1691685122379,128.73999999999998
1691685122470,129.2
1691685122529,129.76999999999995
1691685122648,130.40999999999997
1691685122738,131.09999999999997
1691685122857,131.72999999999996
1691685122947,132.33999999999995
1691685123071,132.92999999999995
1691685123157,133.51999999999998
1691685123248,134.15999999999997
1691685123367,134.72999999999996
1691685123459,135.37999999999997
1691685123548,136.02999999999994
1691685123675,136.61999999999995
1691685123730,137.17999999999998
1691685123819,137.65999999999997
1691685123942,138.16999999999996
1691685124030,138.67999999999998
1691685124119,139.10999999999996
1691685124244,139.51999999999998
1691685124330,139.89999999999998
1691685124419,140.31999999999996
1691685124544,140.67999999999998
1691685124628,140.99999999999994
1691685124747,141.35999999999996
1691685124837,141.58999999999997
1691685124932,141.90999999999994
1691685125018,142.29999999999995
1691685125139,142.74999999999994
1691685125229,143.20999999999995
1691685125350,143.63999999999993
1691685125440,144.04999999999993
1691685125533,144.46999999999994
1691685125665,144.94999999999993
1691685125740,145.43999999999994
1691685125834,145.91999999999993
1691685125889,146.41999999999993
1691685125982,146.96999999999994
1691685126101,147.53999999999994
1691685126188,148.08999999999995
1691685126309,148.58999999999995
1691685126399,149.12999999999994
1691685126520,149.68999999999994
1691685126607,150.27999999999994
1691685126728,150.80999999999995
1691685126818,151.38999999999993
1691685126907,151.96999999999994
1691685127027,152.4799999999999
1691685127057,153.06999999999994
1691685127237,153.64999999999992
1691685127269,154.19999999999993
1691685127388,154.77999999999994
1691685127479,155.30999999999995
1691685127597,155.97999999999993
1691685127689,156.63999999999993
1691685127806,157.21999999999994
1691685127905,157.81999999999994
1691685128022,158.38999999999996
1691685128047,159.00999999999993
1691685128172,159.58999999999992
1691685128257,160.16999999999993
1691685128376,160.83999999999992
1691685128473,161.48999999999992
1691685128591,162.07999999999996
1691685128678,162.75999999999993
1691685128797,163.36999999999992
1691685128891,164.01999999999995
1691685129009,164.68999999999994
1691685129042,165.27999999999992
1691685129160,165.78999999999994
1691685129250,166.36999999999992
1691685129370,166.94999999999993
1691685129461,167.49999999999991
1691685129580,168.05999999999992
1691685129670,168.62999999999994
1691685129761,169.09999999999994
1691685129880,169.56999999999994
1691685129970,170.06999999999994
1691685130029,170.58999999999995
1691685130148,171.05999999999995
1691685130240,171.51999999999995
1691685130330,171.95999999999998
1691685130450,172.43999999999994
1691685130539,172.99999999999994
1691685130659,173.43999999999994
1691685130749,173.90999999999994
1691685130868,174.42999999999998
1691685130960,174.85999999999996
1691685131085,175.38999999999996
1691685131169,175.87999999999994
1691685131260,176.29999999999995
1691685131321,176.78999999999996
1691685131439,177.37999999999994
1691685131536,177.83999999999997
1691685131619,178.36999999999998
1691685131741,178.87999999999994
1691685131836,179.37999999999994
1691685131954,179.81999999999994
1691685132039,180.36999999999998
1691685132130,180.88999999999996
1691685132253,181.39999999999995
1691685132339,181.94999999999996
1691685132429,182.41999999999996
1691685132557,182.93999999999997
1691685132640,183.50999999999993
1691685132700,183.97999999999993
1691685132822,184.55999999999997
1691685132908,185.09999999999997
1691685133029,185.63999999999996
1691685133121,186.21999999999997
1691685133237,186.79999999999995
1691685133328,187.36999999999995
1691685133448,187.88999999999996
1691685133540,188.37999999999997
1691685133598,188.87999999999997
1691685133690,189.48999999999995
1691685133780,190.05999999999995
1691685133900,190.50999999999996
1691685133991,190.98999999999995
1691685134108,191.48999999999995
1691685134199,192.02999999999994
1691685134292,192.41999999999996
1691685134410,192.94999999999996
1691685134498,193.42999999999995
1691685134618,193.82999999999998
1691685134709,194.31999999999996
1691685134827,194.73999999999995
1691685134900,195.16999999999996
1691685134980,195.58999999999995
1691685135070,196.01999999999998
1691685135188,196.41999999999996
1691685135278,196.84999999999997
1691685135398,197.19999999999996
1691685135488,197.50999999999996
1691685135586,197.77999999999994
1691685135698,198.13999999999996
1691685135790,198.50999999999996
1691685135908,198.80999999999995
1691685135999,199.09999999999997
1691685136088,199.48999999999998
1691685136215,199.88999999999996
1691685136298,200.16999999999996
1691685136389,200.46999999999994
1691685136509,200.84999999999997
1691685136539,201.20999999999998
1691685136657,201.55999999999995
1691685136751,201.91999999999996
1691685136837,202.27999999999994
1691685136955,202.58999999999995
1691685137051,203.04999999999995
1691685137169,203.41999999999996
1691685137255,203.75999999999996
1691685137351,204.17999999999998
1691685137436,204.58999999999997
1691685137555,205.01999999999995
1691685137651,205.41999999999996
1691685137737,205.82999999999996
1691685137855,206.35999999999996
1691685137946,206.82999999999996
1691685138069,207.30999999999997
1691685138155,207.74999999999997
1691685138274,208.23999999999995
1691685138370,208.65999999999994
1691685138455,209.04999999999995
1691685138574,209.48999999999995
1691685138605,209.94999999999996
1691685138725,210.43999999999997
1691685138822,210.95999999999995
1691685138937,211.30999999999997
1691685139056,211.65999999999997
1691685139144,212.05999999999997
1691685139237,212.49999999999997
1691685139354,212.91999999999996
1691685139445,213.26999999999995
1691685139564,213.55999999999997
1691685139658,213.96999999999997
1691685139716,214.37999999999997
1691685139807,214.77999999999997
1691685139957,215.11999999999995
1691685140014,215.30999999999997
1691685140109,215.62999999999997
1691685140225,216.02999999999997
1691685140316,216.33999999999995
1691685140408,216.60999999999996
1691685140525,216.90999999999997
1691685140613,217.16999999999996
1691685140703,217.46999999999997
1691685140794,217.80999999999995
1691685140912,218.02999999999997
1691685141003,218.31999999999996
1691685141128,218.56999999999996
1691685141214,218.78999999999996
1691685141304,219.02999999999997
1691685141429,219.33999999999995
1691685141514,219.58999999999995
1691685141604,219.92999999999995
1691685141729,220.30999999999995
1691685141815,220.66999999999996
1691685141905,221.02999999999997
1691685142024,221.36999999999998
1691685142115,221.67999999999998
1691685142204,222.02999999999997
1691685142323,222.47
1691685142415,222.92999999999998
1691685142534,223.32
1691685142622,223.64
1691685142714,223.99999999999997
1691685142772,224.49999999999997
1691685142892,224.83999999999997
1691685142983,225.13
1691685143073,225.51999999999998
1691685143193,225.92
1691685143316,226.29
1691685143403,226.64999999999998
1691685143493,226.99999999999997
1691685143553,227.42
1691685143677,227.77999999999997
1691685143768,228.24999999999997
1691685143856,228.68999999999997
1691685143975,229.08999999999997
1691685144070,229.54999999999998
1691685144186,230.02
1691685144275,230.45
1691685144392,230.85
1691685144454,231.33999999999997
1691685144544,231.82999999999998
1691685144663,232.27999999999997
1691685144756,232.76999999999998
1691685144873,233.18
1691685144964,233.55999999999997
1691685145056,233.96
1691685145174,234.4
1691685145263,234.80999999999997
1691685145357,235.15
1691685145476,235.46999999999997
1691685145568,235.77999999999997
1691685145683,236.12999999999997
1691685145775,236.42
1691685145894,236.71999999999997
1691685145927,237.02999999999997
1691685146045,237.24999999999997
1691685146136,237.51
1691685146227,237.81999999999996
1691685146345,238.18999999999997
1691685146434,238.54999999999998
1691685146554,238.87
1691685146646,239.12
1691685146764,239.45
1691685146854,239.78
1691685146973,240.15999999999997
1691685147004,240.51999999999998
1691685147124,240.87999999999997
1691685147215,241.26999999999998
1691685147334,241.7
1691685147424,242.04999999999998
1691685147549,242.42999999999998
1691685147634,242.81999999999996
1691685147754,243.23
1691685147851,243.67999999999998
1691685147935,244.09
1691685148054,244.56
1691685148118,244.97999999999996
1691685148204,245.42999999999998
1691685148295,245.89
1691685148419,246.35
1691685148505,246.82999999999998
1691685148624,247.31
1691685148719,247.78999999999996
1691685148837,248.25
1691685148925,248.72
1691685149047,249.26999999999998
1691685149138,249.75
1691685149227,250.29000000000002
1691685149348,250.86
1691685149408,251.39
1691685149497,251.84
1691685149617,252.41000000000003
1691685149708,252.95000000000002
1691685149828,253.39
1691685149916,253.88
1691685150009,254.36999999999998
1691685150128,254.78
1691685150218,255.17000000000002
1691685150310,255.53000000000003
1691685150427,255.84000000000006
1691685150519,256.18000000000006
1691685150577,256.50000000000006
1691685150696,256.7300000000001
1691685150786,257.0400000000001
1691685150878,257.29000000000013
1691685150967,257.5600000000001
1691685151088,257.8300000000001
1691685151179,258.07000000000005
1691685151296,258.4200000000001
1691685151386,258.7700000000001
1691685151512,259.17000000000013
1691685151597,259.5500000000001
1691685151686,259.86000000000007
1691685151815,260.2000000000001
1691685151866,260.6500000000001
1691685151957,261.0900000000001
1691685152048,261.5000000000001
1691685152166,261.92000000000013
1691685152258,262.41000000000014
1691685152376,262.8400000000002
1691685152467,263.3000000000001
1691685152556,263.79000000000013
1691685152675,264.21000000000015
1691685152768,264.64000000000016
1691685152857,265.0600000000002
1691685152976,265.50000000000017
1691685153068,265.92000000000013
1691685153157,266.2300000000002
1691685153276,266.58000000000015
1691685153369,267.00000000000017
1691685153457,267.3600000000001
1691685153576,267.7400000000001
1691685153677,268.13000000000017
1691685153787,268.4900000000002
1691685153878,268.8600000000001
1691685153970,269.29000000000013
1691685154027,269.7200000000002
1691685154121,270.1100000000002
1691685154242,270.5600000000002
1691685154326,270.9900000000002
1691685154447,271.44000000000017
1691685154539,271.88000000000017
1691685154657,272.3100000000002
1691685154745,272.75000000000017
1691685154865,273.23000000000013
1691685154959,273.63000000000017
1691685155047,273.9800000000002
1691685155167,274.39000000000016
1691685155258,274.8600000000001
1691685155316,275.32000000000016
1691685155410,275.76000000000016
1691685155533,276.17000000000013
1691685155616,276.59000000000015
1691685155711,277.0500000000002
1691685155829,277.52000000000015
1691685155918,277.96000000000015
1691685156011,278.47000000000014
1691685156130,278.96000000000015
1691685156217,279.44000000000017
1691685156336,279.90000000000015
1691685156431,280.39000000000016
1691685156549,280.95000000000016
1691685156637,281.39000000000016
1691685156757,281.9200000000002
1691685156789,282.4200000000002
1691685156883,283.0000000000001
1691685157001,283.57000000000016
1691685157089,284.09000000000015
1691685157206,284.66000000000014
1691685157327,285.2100000000002
1691685157387,285.7400000000002
1691685157509,286.26000000000016
1691685157601,286.83000000000015
1691685157718,287.40000000000015
1691685157807,287.9400000000001
1691685157927,288.52000000000015
1691685158017,289.0500000000001
1691685158107,289.52000000000015
1691685158226,290.03000000000014
1691685158318,290.5000000000001
1691685158375,290.9900000000001
1691685158496,291.4200000000002
1691685158586,291.85000000000014
1691685158677,292.29000000000013
1691685158796,292.71000000000015
1691685158887,293.20000000000016
1691685159007,293.64000000000016
1691685159096,294.02000000000015
1691685159157,294.44000000000017
1691685159278,294.92000000000024
1691685159366,295.3300000000002
1691685159456,295.7100000000002
1691685159576,296.2200000000002
1691685159666,296.7300000000002
1691685159791,297.18000000000023
1691685159878,297.7300000000002
1691685159998,298.1400000000002
1691685160092,298.5400000000002
1691685160178,299.0000000000002
1691685160298,299.41000000000025
1691685160394,299.8800000000002
1691685160448,300.24000000000024
1691685160566,300.6600000000002
1691685160661,301.0700000000002
1691685160747,301.5400000000002
1691685160866,302.0100000000002
1691685160961,302.4500000000002
1691685161079,302.9300000000002
1691685161166,303.3700000000002
1691685161263,303.8800000000002
1691685161380,304.3300000000002
1691685161467,304.7500000000002
1691685161588,305.24000000000024
1691685161618,305.8300000000002
1691685161738,306.3700000000002
1691685161830,306.8700000000002
1691685161948,307.47000000000025
1691685162036,308.12000000000023
1691685162155,308.6300000000002
1691685162247,309.1300000000002
1691685162367,309.68000000000023
1691685162455,310.2800000000002
1691685162549,310.8700000000002
1691685162665,311.3900000000002
1691685162754,311.9300000000002
1691685162874,312.4400000000002
1691685162905,313.0000000000002
1691685163025,313.6600000000002
1691685163117,314.2600000000002
1691685163214,314.7600000000002
1691685163325,314.9700000000002
1691685163417,314.9400000000002
1691685163536,314.91000000000025
1691685163625,314.91000000000025
1691685163718,314.91000000000025
1691685163838,314.91000000000025
1691685163928,314.91000000000025
1691685164048,314.9000000000002
1691685164136,314.91000000000025
1691685164198,314.9000000000002
1691685164288,314.8900000000002
1691685164407,314.8900000000002
1691685164497,314.8900000000002
1691685164617,314.8900000000002
1691685164707,314.8900000000002
1691685164825,314.8900000000002
1691685164949,314.8800000000002
1691685165038,314.8800000000002
1691685165128,314.8800000000002
1691685165218,314.8800000000002
1691685165277,314.8700000000002
1691685165396,314.8700000000002
1691685165490,314.8700000000002
1691685165636,314.8700000000002
1691685165702,314.8600000000002
1691685165819,314.8600000000002
1691685165908,314.8600000000002
1691685165998,314.8600000000002
1691685166117,314.8400000000002
1691685166237,314.8400000000002
1691685166329,314.8300000000002
1691685166360,314.8300000000002
1691685166478,314.8300000000002
1691685166596,314.8300000000002
1691685166687,314.8200000000002
1691685166777,314.8200000000002
1691685166896,314.8200000000002
1691685166985,314.9700000000002
1691685167078,315.24000000000024
1691685167196,315.7000000000002
1691685167286,316.02000000000027
1691685167405,315.7200000000002
1691685167496,315.6000000000002
1691685167615,315.1500000000002
1691685167646,314.74000000000024
1691685167766,314.2700000000002
1691685167855,314.7000000000002
1691685167975,315.25000000000017
1691685168065,314.8600000000002
1691685168156,315.3300000000002
1691685168276,315.3200000000002
1691685168366,314.91000000000025
1691685168485,314.67000000000024
1691685168576,314.5700000000002
1691685168696,314.6000000000002
1691685168786,314.62000000000023
1691685168846,314.6400000000002
1691685168936,314.8300000000002
1691685169056,314.8300000000002
1691685169146,314.4800000000002
1691685169267,314.0900000000002
1691685169355,313.8100000000002
1691685169477,313.8900000000002
1691685169567,314.4300000000002
1691685169687,315.5100000000002
1691685169775,316.5300000000002
1691685169836,316.6400000000002
1691685169926,316.4500000000002
1691685170045,316.1600000000002
1691685170137,315.8200000000002
1691685170256,314.74000000000024
1691685170347,314.2700000000002
1691685170438,314.17000000000024
1691685170555,314.61000000000024
1691685170645,314.73000000000025
1691685170738,314.5400000000002
1691685170855,314.5300000000002
1691685170945,314.55000000000024
1691685171065,314.56000000000023
1691685171157,314.56000000000023
1691685171215,314.56000000000023
1691685171335,314.5700000000002
1691685171426,314.5800000000002
1691685171544,314.5800000000002
1691685171634,314.56000000000023
1691685171757,314.56000000000023
1691685171844,314.56000000000023
1691685171904,314.55000000000024
1691685171993,314.55000000000024
1691685172114,314.8100000000002
1691685172202,314.5200000000002
1691685172294,314.54000000000013
1691685172412,314.57000000000016
1691685172503,314.57000000000016
1691685172621,314.59000000000015
1691685172713,314.59000000000015
1691685172833,314.59000000000015
1691685172923,314.59000000000015
1691685172982,314.59000000000015
1691685173073,314.59000000000015
1691685173193,314.59000000000015
1691685173283,314.59000000000015
1691685173403,314.59000000000015
1691685173493,314.59000000000015
1691685173611,314.58000000000015
1691685173702,314.58000000000015
1691685173820,314.57000000000016
1691685173911,314.57000000000016
1691685174031,314.5600000000002
1691685174061,314.5600000000002
1691685174181,314.5600000000002
1691685174271,314.5600000000002
1691685174391,314.5500000000002
1691685174481,314.5500000000002
1691685174572,314.5500000000002
1691685174691,314.5500000000002
1691685174782,314.5500000000002
1691685174905,314.5500000000002
1691685174991,314.54000000000013
1691685175051,314.54000000000013
1691685175171,314.54000000000013
1691685175261,314.54000000000013
1691685175382,314.54000000000013
1691685175471,314.54000000000013
1691685175577,314.54000000000013
1691685175684,314.54000000000013
1691685175771,314.54000000000013
1691685175891,314.54000000000013
1691685175979,314.54000000000013
1691685176070,314.54000000000013
1691685176191,314.54000000000013
1691685176281,314.54000000000013
1691685176341,314.53000000000014
1691685176430,314.53000000000014
1691685176552,314.47000000000014
1691685176639,314.47000000000014
1691685176729,314.5600000000002
1691685176849,314.4900000000002
1691685176939,314.4900000000002
1691685177058,314.5900000000002
1691685177148,314.56000000000023
1691685177269,314.56000000000023
1691685177358,314.56000000000023
1691685177478,314.56000000000023
1691685177508,314.56000000000023
1691685177627,314.4600000000002
1691685177721,313.8600000000002
1691685177839,312.3600000000002
1691685177927,317.25000000000017
1691685178047,312.56000000000023
1691685178138,311.4000000000002
1691685178257,309.74000000000024
1691685178347,278.99000000000024
1691685178466,237.8400000000002
1691685178497,239.63000000000022
1691685178616,258.74000000000024
1691685178707,249.88000000000022
1691685178827,220.51000000000025
1691685178916,190.84000000000026
1691685179039,177.57000000000025
1691685179127,189.31000000000026
1691685179247,195.78000000000026
1691685179337,200.64000000000027
1691685179457,203.62000000000023
1691685179548,207.27000000000027
1691685179611,200.36000000000027
1691685179697,201.32000000000025
1691685179818,199.46000000000024
1691685179911,195.27000000000024
1691685179998,196.68000000000023
1691685180089,202.73000000000025
1691685180206,199.17000000000027
1691685180297,200.87000000000023
1691685180419,212.45000000000024
1691685180509,208.47000000000025
1691685180628,206.39000000000024
1691685180719,202.61000000000027
1691685180838,205.33000000000027
1691685180868,208.92000000000024
1691685181018,202.93000000000023
1691685181078,199.38000000000025
1691685181204,205.30000000000027
1691685181288,210.20000000000024
1691685181410,249.38000000000022
1691685181500,301.4800000000002
1691685181589,314.9700000000002
1691685181709,314.18000000000023
1691685181800,314.3600000000002
1691685181888,314.2200000000002
1691685181978,314.5200000000002
1691685182096,314.16000000000014
1691685182187,314.28000000000014
1691685182307,314.3000000000001
1691685182397,314.33000000000015
1691685182488,314.20000000000016
1691685182606,314.32000000000016
1691685182669,314.39000000000016
1691685182757,314.27000000000015
1691685182848,314.1800000000002
1691685182967,314.1900000000001
1691685183058,314.34000000000015
1691685183177,314.27000000000015
1691685183268,314.28000000000014
1691685183387,314.2900000000002
1691685183477,314.3000000000001
1691685183568,314.3000000000001
1691685183689,314.28000000000014
1691685183779,314.27000000000015
1691685183868,314.28000000000014
1691685183989,314.28000000000014
1691685184077,314.27000000000015
1691685184168,314.28000000000014
1691685184288,314.28000000000014
1691685184350,314.20000000000016
1691685184442,314.20000000000016
1691685184559,314.21000000000015
1691685184650,314.2300000000002
1691685184740,314.2300000000002
1691685184862,314.22000000000014
1691685184952,314.22000000000014
1691685185072,314.22000000000014
1691685185164,314.22000000000014
1691685185281,314.22000000000014
1691685185372,314.2300000000002
1691685185432,314.2300000000002
1691685185521,314.2400000000002
1691685185677,314.2400000000002
1691685185733,314.2400000000002
1691685185854,314.2400000000002
1691685185943,314.2400000000002
1691685186034,314.2400000000002
1691685186153,314.2400000000002
1691685186243,314.2400000000002
1691685186363,314.2400000000002
1691685186453,314.2400000000002
1691685186570,314.2400000000002
1691685186601,314.2400000000002
1691685186721,314.1800000000002
1691685186811,314.20000000000016
1691685186904,314.21000000000015
1691685187021,314.15000000000015
1691685187111,314.15000000000015
1691685187233,314.1700000000002
1691685187322,314.1900000000001
1691685187442,314.20000000000016
1691685187532,314.20000000000016
1691685187652,314.20000000000016
1691685187744,314.20000000000016
1691685187833,314.21000000000015
1691685187952,314.22000000000014
1691685188043,314.22000000000014
1691685188103,314.22000000000014
1691685188192,314.2300000000002
1691685188282,314.2300000000002
1691685188403,314.2300000000002
1691685188493,314.2300000000002
1691685188611,314.2300000000002
1691685188702,314.2300000000002
1691685188794,314.2300000000002
1691685188913,314.2300000000002
1691685189004,314.22000000000014
1691685189095,314.22000000000014
1691685189218,314.22000000000014
1691685189302,314.22000000000014
1691685189392,314.21000000000015
1691685189513,314.21000000000015
1691685189604,314.20000000000016
1691685189723,314.20000000000016
1691685189814,314.20000000000016
1691685189903,314.20000000000016
1691685190024,314.1900000000001
1691685190115,314.1900000000001
1691685190174,314.1900000000001
1691685190262,314.1900000000001
1691685190383,314.1800000000002
1691685190472,314.1800000000002
1691685190592,314.1800000000002
1691685190684,314.1800000000002
1691685190773,314.08000000000015
1691685190892,314.09000000000015
1691685190985,314.1100000000002
1691685191103,314.1100000000002
1691685191194,314.1200000000002
1691685191285,314.13000000000017
1691685191402,314.13000000000017
1691685191464,314.14000000000016
1691685191554,314.15000000000015
1691685191672,314.15000000000015
1691685191763,314.16000000000014
1691685191883,314.16000000000014
1691685191971,314.16000000000014
1691685192062,314.16000000000014
1691685192184,314.1700000000002
1691685192273,314.1700000000002
1691685192392,314.1700000000002
1691685192485,314.1700000000002
1691685192543,314.16000000000014
1691685192633,314.0500000000002
1691685192753,314.14000000000016
1691685192843,314.1200000000002
1691685192963,314.10000000000014
1691685193052,314.10000000000014
1691685193143,314.1100000000002
1691685193261,314.1200000000002
1691685193352,314.1200000000002
1691685193472,314.1200000000002
1691685193561,314.1200000000002
1691685193684,314.1100000000002
1691685193713,314.10000000000014
1691685193833,314.10000000000014
1691685193923,314.10000000000014
1691685194046,314.10000000000014
1691685194134,314.09000000000015
1691685194254,314.09000000000015
1691685194346,314.08000000000015
1691685194464,314.08000000000015
1691685194552,314.0500000000002
1691685194613,314.0500000000002
1691685194702,314.0500000000002
1691685194822,314.0500000000002
1691685194927,314.0500000000002
1691685195034,314.0500000000002
1691685195123,314.0500000000002
1691685195243,314.0500000000002
1691685195337,314.0500000000002
1691685195423,314.0500000000002
1691685195558,314.0500000000002
1691685195638,314.0500000000002
1691685195753,314.0600000000002
1691685195843,313.95000000000016
1691685195902,313.98000000000013
1691685196053,314.10000000000014
1691685196086,314.01000000000016
1691685196204,314.0200000000002
1691685196291,314.1300000000002
1691685196387,314.1300000000002
1691685196504,314.12000000000023
1691685196592,314.1000000000002
1691685196711,314.0900000000002
1691685196804,314.0800000000002
1691685196922,314.0800000000002
1691685197012,314.0800000000002
1691685197133,314.0700000000002
1691685197226,314.06000000000023
1691685197281,314.05000000000024
1691685197375,314.05000000000024
1691685197493,314.0400000000002
1691685197582,314.0400000000002
1691685197677,314.0300000000002
1691685197795,314.0300000000002
1691685197884,314.0200000000002
1691685198003,314.0200000000002
1691685198095,314.0200000000002
1691685198153,314.0200000000002
1691685198272,314.0200000000002
1691685198363,314.0200000000002
1691685198482,314.0200000000002
1691685198571,314.0200000000002
1691685198680,314.0200000000002
1691685198753,314.0200000000002
1691685198872,314.0200000000002
1691685198963,314.0200000000002
1691685199054,314.0200000000002
1691685199173,314.0200000000002
1691685199299,314.0200000000002
1691685199384,314.0200000000002
1691685199473,314.0200000000002
1691685199599,314.0200000000002
1691685199684,314.0200000000002
1691685199804,314.0200000000002
1691685199900,314.0200000000002
1691685199984,314.0200000000002
1691685200043,314.0200000000002
1691685200134,314.0200000000002
1691685200253,320.5900000000002