milliseconds since epoch,weight grams float
1689700710320,0.0
1689700710416,0.0
1689700710507,0.0
1689700710596,0.0
1689700710717,0.0
1689700710807,0.0
1689700710927,0.0
1689700711016,0.0
1689700711077,0.0
1689700711169,0.0
1689700711288,0.0
1689700711377,0.0
1689700711467,0.0
1689700711587,0.0
1689700711677,0.0
1689700711795,0.0
1689700711896,0.0
1689700712006,0.0
1689700712097,0.0
1689700712157,0.0
1689700712306,0.0
1689700712397,0.0
1689700712516,0.0
1689700712608,0.0
1689700712698,0.0
1689700712818,0.0
1689700712907,0.0
1689700712969,0.0
1689700713059,0.0
1689700713150,0.0
1689700713239,0.0
1689700713389,0.0
1689700713449,0.0
1689700713569,0.0
1689700713660,0.0
1689700713779,0.0
1689700713869,0.0
1689700713987,0.0
1689700714078,0.0
1689700714168,0.0
1689700714287,0.0
1689700714318,0.0
1689700714437,0.0
1689700714559,0.0
1689700714647,0.0
1689700714767,0.0
1689700714859,0.0
1689700714978,0.0
1689700715068,0.0
1689700715161,0.0
1689700715278,0.0
1689700715309,0.0
1689700715428,0.0
1689700715519,0.0
1689700715637,0.0
1689700715729,0.0
1689700715847,0.0
1689700715940,0.0
1689700716058,0.0
1689700716135,0.0
1689700716208,0.0
1689700716327,0.0
1689700716417,0.0
1689700716536,0.0
1689700716626,0.0
1689700716717,0.0
1689700716837,0.0
1689700716956,0.0
1689700716986,0.0
1689700717106,0.0
1689700717196,0.0
1689700717316,0.0
1689700717409,0.0
1689700717498,0.0
1689700717617,0.0
1689700717708,0.0
1689700717826,0.0
1689700717918,0.0
1689700718007,0.0
1689700718128,0.0
1689700718188,0.0
1689700718276,0.0
1689700718397,0.0
1689700718487,0.0
1689700718607,0.0
1689700718698,0.0
1689700718787,0.0
1689700718905,0.0
1689700719027,0.0
1689700719115,0.0
1689700719177,0.0
1689700719268,0.0
1689700719357,0.0
1689700719475,0.0
1689700719567,0.0
1689700719688,0.0
1689700719778,0.0
1689700719867,0.0
1689700719985,0.0
1689700720078,0.0
1689700720196,0.0
1689700720288,0.0
1689700720378,0.0
1689700720496,0.0
1689700720587,0.0
1689700720647,0.0
1689700720769,0.0
1689700720858,0.0
1689700720950,0.0
1689700721066,0.0
1689700721187,0.0
1689700721277,0.0
1689700721368,0.0
1689700721487,0.0
1689700721546,0.0
1689700721637,0.0
1689700721756,0.0
1689700721845,0.0
1689700721938,0.0
1689700722055,0.0
1689700722145,0.0
1689700722234,0.0
1689700722355,0.0
1689700722444,0.0
1689700722564,0.0
1689700722654,0.0
1689700722777,0.0
1689700722868,0.0
1689700722928,0.0
1689700723018,0.0
1689700723137,0.0
1689700723228,0.0
1689700723350,0.0
1689700723439,0.0
1689700723529,0.0
1689700723650,0.0
1689700723738,0.0
1689700723858,0.0
1689700723919,0.0
1689700724008,0.0
1689700724099,0.0
1689700724220,0.0
1689700724311,0.0
1689700724399,0.0
1689700724521,0.0
1689700724610,0.0
1689700724728,0.0
1689700724789,0.0
1689700724908,0.0
1689700724997,0.0
1689700725118,0.0
1689700725209,0.0
1689700725330,0.0
1689700725418,0.0
1689700725510,0.0
1689700725627,0.0
1689700725718,0.0
1689700725836,0.0
1689700725867,0.0
1689700725988,0.0
1689700726079,0.0
1689700726199,0.0
1689700726289,0.0
1689700726437,0.0
1689700726468,0.0
1689700726587,0.0
1689700726681,0.0
1689700726798,0.0
1689700726887,0.0
1689700727006,0.0
1689700727098,0.0
1689700727216,0.0
1689700727306,0.0
1689700727366,0.0
1689700727459,0.0
1689700727551,0.0
1689700727667,0.0
1689700727759,0.0
1689700727848,0.0
1689700727970,0.0
1689700728060,0.0
1689700728180,0.0
1689700728270,0.0
1689700728389,0.0
1689700728451,0.0
1689700728539,0.0
1689700728660,0.0
1689700728749,0.0
1689700728870,0.0
1689700728960,0.0
1689700729081,0.0
1689700729171,0.0
1689700729260,0.0
1689700729379,0.0
1689700729470,0.0
1689700729592,0.0
1689700729681,0.0
1689700729742,0.0
1689700729829,0.0
1689700729952,0.0
1689700730039,0.0
1689700730160,0.0
1689700730282,0.0
1689700730342,0.0
1689700730430,0.0
1689700730522,0.0
1689700730640,0.0
1689700730732,0.0
1689700730851,0.0
1689700730942,0.0
1689700731064,0.0
1689700731122,0.0
1689700731210,0.0
1689700731329,0.0
1689700731421,0.0
1689700731540,0.0
1689700731630,0.0
1689700731751,0.0
1689700731808,0.0
1689700731899,0.0
1689700732018,0.0
1689700732108,0.0
1689700732228,0.0
1689700732318,0.0
1689700732438,0.0
1689700732528,0.0
1689700732648,0.0
1689700732679,0.0
1689700732800,0.0
1689700732922,0.0
1689700733012,0.0
1689700733129,0.0
1689700733222,0.0
1689700733310,0.0
1689700733431,0.0
1689700733491,0.0
1689700733580,0.0
1689700733702,-0.05999999999999999
1689700733792,0.0
1689700733881,0.0
1689700734001,0.0
1689700734065,0.0
1689700734182,0.0
1689700734276,0.0
1689700734394,0.0
1689700734484,0.0
1689700734572,0.0
1689700734691,0.0
1689700734783,0.0
1689700734901,0.0
1689700734994,0.0
1689700735113,0.0
1689700735203,0.0
1689700735261,0.0
1689700735351,0.0
1689700735473,0.0
1689700735563,0.0
1689700735680,0.0
1689700735773,0.0
1689700735892,0.0
1689700735981,0.0
1689700736042,0.0
1689700736132,0.0
1689700736250,0.0
1689700736372,0.0
1689700736460,0.0
1689700736551,0.0
1689700736670,0.0
1689700736763,0.0
1689700736880,0.0
1689700736971,0.0
1689700737030,0.0
1689700737122,0.0
1689700737244,0.0
1689700737361,0.0
1689700737455,0.0
1689700737544,0.0
1689700737661,0.0
1689700737754,0.0
1689700737874,0.0
1689700737962,0.0
1689700738082,0.0
1689700738112,0.0
1689700738234,0.0
1689700738323,0.0
1689700738445,0.0
1689700738534,0.0
1689700738654,0.0
1689700738743,0.0
1689700738865,0.0
1689700738926,0.0
1689700739013,0.0
1689700739105,0.0
1689700739226,0.0
1689700739313,0.0
1689700739433,0.0
1689700739553,0.0
1689700739644,0.0
1689700739705,0.0
1689700739794,0.0
1689700739912,0.0
1689700740004,0.0
1689700740155,0.0
1689700740212,0.0
1689700740333,0.0
1689700740422,0.0
1689700740542,0.0
1689700740601,0.0
1689700740693,0.0
1689700740783,0.0
1689700740902,0.0
1689700740992,0.0
1689700741110,0.0
1689700741201,0.0
1689700741320,0.0
1689700741412,0.0
1689700741470,0.0
1689700741562,0.0
1689700741682,0.0
1689700741772,0.0
1689700741892,0.0
1689700742011,0.0
1689700742101,0.0
1689700742193,0.0
1689700742311,0.0
1689700742403,0.0
1689700742462,0.0
1689700742553,0.0
1689700742672,0.0
1689700742793,0.0
1689700807384,0.06999999999999999
1689700807475,0.0
1689700807625,0.0
1689700807685,0.05999999999999999
1689700807805,0.06999999999999999
1689700807895,0.06999999999999999
1689700808017,0.05999999999999999
1689700808106,0.05999999999999999
1689700808164,0.0
1689700808256,0.0
1689700808375,0.0
1689700808496,0.0
1689700808615,0.0
1689700808676,0.0
1689700808795,0.0
1689700808886,0.0
1689700808946,0.0
1689700809036,0.0
1689700809156,0.0
1689700809246,0.0
1689700809335,0.0
1689700809456,0.0
1689700809547,0.0
1689700809666,0.0
1689700809756,0.0
1689700809848,0.0
1689700809967,0.0
1689700810056,0.0
1689700810177,0.0
1689700810267,0.0
1689700810356,0.0
1689700810476,0.0
1689700810624,0.0
1689700810656,0.0
1689700810775,0.0
1689700810865,0.0
1689700810986,0.0
1689700811016,0.0
1689700811137,0.0
1689700811224,0.0
1689700811345,0.0
1689700811434,0.0
1689700811524,0.0
1689700811645,0.0
1689700811735,0.0
1689700811855,0.0
1689700811945,0.0
1689700812007,0.0
1689700812123,0.0
1689700812214,0.0
1689700812306,0.0
1689700812396,0.0
1689700812513,0.0
1689700812604,0.0
1689700812723,0.0
1689700812813,0.0
1689700812905,0.0
1689700813025,0.0
1689700813115,0.0
1689700813205,0.0
1689700813324,0.0
1689700813414,0.0
1689700813563,0.0
1689700813622,0.0
1689700813713,0.0
1689700813835,0.0
1689700813895,0.0
1689700813985,0.0
1689700814103,0.0
1689700814193,0.0
1689700814283,0.0
1689700814403,0.0
1689700814494,0.0
1689700814584,0.0
1689700814703,0.0
1689700814792,0.0
1689700814915,0.0
1689700815003,0.0
1689700815063,0.0
1689700815153,0.0
1689700815273,0.0
1689700815363,0.0
1689700815485,0.0
1689700815572,0.0
1689700815695,0.0
1689700815782,0.0
1689700815873,0.0
1689700815993,0.0
1689700816113,0.0
1689700816178,0.0
1689700816293,0.0
1689700816384,0.0
1689700816533,0.0
1689700816535,0.0
1689700816654,0.0
1689700816743,0.0
1689700816863,0.0
1689700816953,0.0
1689700817072,0.0
1689700817162,0.0
1689700817254,0.0
1689700817342,0.0
1689700817432,0.0
1689700817522,0.0
1689700817612,0.0
1689700817731,0.0
1689700817841,0.0
1689700817944,0.0
1689700818063,0.0
1689700818153,0.0
1689700818242,0.0
1689700818363,0.0
1689700818453,0.0
1689700818573,0.0
1689700818663,0.0
1689700818724,0.0
1689700818812,0.0
1689700818904,0.0
1689700819023,0.0
1689700819112,0.0
1689700819231,0.0
1689700819322,0.0
1689700819443,0.0
1689700819533,0.0
1689700819651,0.0
1689700819741,0.0
1689700819834,0.0
1689700819894,0.0
1689700820011,0.0
1689700820100,0.0
1689700820223,0.0
1689700820311,0.0
1689700820403,0.0
1689700820520,0.0
1689700820611,0.0
1689700820703,0.0
1689700820791,0.0
1689700820914,0.0
1689700821002,0.0
1689700821121,0.0
1689700821211,0.0
1689700821273,0.0
1689700821393,0.0
1689700821483,0.0
1689700821601,0.0
1689700821691,0.0
1689700821784,0.0
1689700821901,0.0
1689700821993,0.0
1689700822082,0.0
1689700822202,0.0
1689700822292,0.0
1689700822412,0.0
1689700822501,0.0
1689700822592,0.0
1689700822713,0.0
1689700822800,0.0
1689700822863,0.0
1689700822953,0.0
1689700823072,0.0
1689700823164,0.0
1689700823280,0.0
1689700823373,0.0
1689700823460,0.0
1689700823582,0.0
1689700823671,0.0
1689700823761,0.0
1689700823881,0.0
1689700823973,0.0
1689700824092,0.0
1689700824183,0.0
1689700824274,0.0
1689700824393,0.0
1689700824481,0.0
1689700824601,0.0
1689700824690,0.0
1689700824751,0.0
1689700824843,0.0
1689700824933,0.0
1689700825050,0.0
1689700825143,0.0
1689700825262,0.0
1689700825350,0.0
1689700825472,0.0
1689700825502,0.0
1689700825623,0.0
1689700825712,0.0
1689700825833,0.0
1689700825923,0.0
1689700826042,0.0
1689700826156,0.0
1689700826253,0.0
1689700826344,0.0
1689700826432,0.0
1689700826551,0.0
1689700826644,0.0
1689700826733,0.0
1689700826793,0.0
1689700826911,0.0
1689700827002,0.0
1689700827092,0.0
1689700827211,0.0
1689700827303,0.0
1689700827422,0.0
1689700827510,0.0
1689700827602,0.0
1689700827691,0.0
1689700827811,0.0
1689700827903,0.0
1689700828024,0.0
1689700828114,0.0
1689700828204,0.0
1689700828324,0.0
1689700828414,0.0
1689700828505,0.0
1689700828623,0.0
1689700828683,0.0
1689700828772,0.0
1689700828923,0.0
1689700829013,0.0
1689700829073,0.0
1689700829163,0.0
1689700829283,0.0
1689700829402,0.0
1689700829462,0.0
1689700829581,0.0
1689700829671,0.0
1689700829762,0.0
1689700829880,0.0
1689700829973,0.0
1689700830063,0.0
1689700830183,0.0
1689700830271,0.0
1689700830392,0.0
1689700830484,0.0
1689700830571,0.0
1689700830691,0.0
1689700830784,0.0
1689700830902,0.0
1689700830992,0.0
1689700831053,0.0
1689700831141,0.0
1689700831264,0.0
1689700831351,0.0
1689700831443,0.0
1689700831562,0.0
1689700831653,0.0
1689700831743,0.0
1689700831861,0.0
1689700831951,0.0
1689700832042,0.0
1689700832161,0.0
1689700832251,0.0
1689700832371,0.0
1689700832462,0.0
1689700832582,0.0
1689700832671,0.0
1689700832762,0.0
1689700832838,0.0
1689700832912,0.0
1689700833036,0.0
1689700833122,0.0
1689700833243,0.0
1689700833332,0.0
1689700833452,0.0
1689700833543,0.0
1689700833632,0.0
1689700833722,0.0
1689700833843,0.0
1689700833933,0.0
1689700834023,0.0
1689700834141,0.0
1689700834233,0.0
1689700834351,0.0
1689700834441,0.0
1689700834501,0.0
1689700834592,0.0
1689700834681,0.0
1689700834801,0.0
1689700834892,0.0
1689700834982,0.0
1689700835101,0.0
1689700835194,0.0
1689700835314,0.0
1689700835403,0.0
1689700835523,0.0
1689700835612,0.0
1689700835734,0.0
1689700835824,0.0
1689700835912,0.0
1689700836033,0.0
1689700836128,0.0
1689700836183,0.0
1689700836304,0.0
1689700836394,0.0
1689700836483,0.0
1689700836603,0.0
1689700836692,0.0
1689700836813,0.0
1689700836903,0.0
1689700836995,0.0
1689700837112,0.0
1689700837203,0.0
1689700837324,0.0
1689700837412,0.0
1689700837503,0.0
1689700837564,0.0
1689700837653,0.0
1689700837772,0.0
1689700837895,0.0
1689700837984,0.0
1689700838074,0.0
1689700838193,0.0
1689700838283,0.0
1689700838405,0.0
1689700838492,0.0
1689700838552,0.0
1689700838643,0.0
1689700838762,0.0
1689700838882,0.0
1689700838975,0.0
1689700839064,0.0
1689700839183,0.0
1689700839274,0.0
1689700839392,0.0
1689700839424,0.0
1689700839544,0.0
1689700839631,0.0
1689700839722,0.0
1689700839843,0.0
1689700839932,0.0
1689700840051,0.0
1689700840144,0.0
1689700840231,0.0
1689700840351,0.0
1689700840443,0.0
1689700840533,0.0
1689700840651,0.0
1689700840744,0.0
1689700840833,0.0
1689700840952,0.0
1689700841042,0.0
1689700841162,0.0
1689700841253,0.0
1689700841371,0.0
1689700841401,0.0
1689700841520,0.0
1689700841609,0.0
1689700841759,0.0
1689700841819,0.0
1689700841909,0.0
1689700841998,0.0
1689700842090,0.0
1689700842209,0.0
1689700842299,0.0
1689700842389,0.0
1689700842510,0.0
1689700842600,0.07999999999999999
1689700842719,0.0
1689700842810,0.0
1689700842901,0.0
1689700843022,0.0
1689700843111,0.0
1689700843231,0.0
1689700843320,0.0
1689700843381,0.0
1689700843471,0.0
1689700843591,0.0
1689700843680,0.0
1689700843799,0.0
1689700843890,0.0
1689700843981,0.0
1689700844071,0.0
1689700844191,0.0
1689700844281,-0.06999999999999999
1689700844401,0.0
1689700844489,0.0
1689700844581,0.0
1689700844699,0.0
1689700844791,0.0
1689700844911,0.0
1689700845001,0.0
1689700845090,0.0
1689700845211,0.0
1689700845331,0.0
1689700845391,0.0
1689700845453,0.0
1689700845573,0.0
1689700845663,0.0
1689700845750,0.0
1689700845870,0.0
1689700845960,0.0
1689700846050,0.0
1689700846169,0.0
1689700846260,0.0
1689700846381,0.0
1689700846471,0.0
1689700846590,0.0
1689700846679,0.0
1689700846739,0.0
1689700846830,0.0
1689700846951,0.0
1689700847039,0.0
1689700847129,0.0
1689700847251,0.0
1689700847342,0.0
1689700847459,0.0
1689700847551,0.0
1689700847638,0.0
1689700847759,0.0
1689700847851,0.0
1689700847910,0.0
1689700848032,0.0
1689700848121,0.0
1689700848211,0.0
1689700848330,0.0
1689700848421,0.0
1689700848511,0.0
1689700848630,0.0
1689700848721,0.0
1689700848841,0.0
1689700848931,0.0
1689700849051,0.0
1689700849112,0.0
1689700849202,0.0
1689700849322,0.0
1689700849409,0.0
1689700849529,0.0
1689700849591,0.0
1689700849712,0.0
1689700849800,0.0
1689700849922,0.0
1689700850011,0.0
1689700850130,0.0
1689700850192,0.0
1689700850310,0.0
1689700850400,0.0
1689700850491,0.0
1689700850610,0.0
1689700850702,0.0
1689700850822,0.0
1689700850912,0.0
1689700850971,0.0
1689700851062,0.0
1689700851180,0.0
1689700851272,0.0
1689700851394,0.0
1689700851482,0.0
1689700851601,0.0
1689700851691,0.0
1689700851812,0.0
1689700851900,0.0
1689700852021,0.0
1689700852052,0.0
1689700852170,0.0
1689700852264,0.0
1689700852381,0.0
1689700852472,0.0
1689700852593,0.0
1689700852682,0.0
1689700852805,0.0
1689700852894,0.0
1689700852983,0.0
1689700853103,0.0
1689700853163,0.0
1689700853252,0.0
1689700853342,0.0
1689700853463,0.0
1689700853553,0.0
1689700853673,0.0
1689700853764,0.0
1689700853884,0.0
1689700853972,0.0
1689700854093,0.0
1689700854184,0.0
1689700854242,0.0
1689700854332,0.0
1689700854454,0.0
1689700854544,0.0
1689700854663,0.0
1689700854783,0.0
1689700854873,0.0
1689700854964,0.0
1689700855085,0.0
1689700855146,0.0
1689700855236,0.0
1689700855354,0.0
1689700855443,0.0
1689700855565,0.0
1689700855655,0.0
1689700855774,0.0
1689700855863,0.0
1689700855954,0.0
1689700856014,0.0
1689700856130,0.0
1689700856224,0.0
1689700856315,0.0
1689700856435,0.0
1689700856524,0.0
1689700856616,0.0
1689700856734,0.0
1689700856824,0.0
1689700856946,0.0
1689700857034,0.0
1689700857094,0.0
1689700857215,0.0
1689700857334,0.0
1689700857453,0.0
1689700857483,0.0
1689700857603,0.0
1689700857692,0.0
1689700857783,0.0
1689700857905,0.0
1689700857995,0.0
1689700858114,-0.10999999999999999
1689700858205,-0.09
1689700858325,-0.07999999999999999
1689700858415,-0.06999999999999999
1689700858536,-0.05999999999999999
1689700858625,0.0
1689700858687,0.0
1689700858776,0.0
1689700858896,0.0
1689700858985,0.0
1689700859106,0.0
1689700859195,0.0
1689700859316,0.0
1689700859406,0.0
1689700859524,0.0
1689700859557,0.0
1689700859674,0.0
1689700859765,0.0
1689700859887,0.0
1689700859975,0.0
1689700860097,0.0
1689700860185,0.0
1689700860303,0.0
1689700860392,0.0
1689700860456,0.0
1689700860544,0.0
1689700860665,0.0
1689700860753,0.0
1689700860874,0.0
1689700860962,0.0
1689700861055,0.0
1689700861174,0.0
1689700861265,0.0
1689700861383,-0.09
1689700861474,-0.07999999999999999
1689700861593,0.0
1689700861653,0.0
1689700861744,0.0
1689700861833,0.0
1689700861957,0.0
1689700862043,0.0
1689700862162,0.0
1689700862252,0.0
1689700862373,0.0
1689700862462,0.0
1689700862553,0.0
1689700862673,0.0
1689700862763,0.0
1689700862885,0.0
1689700862974,0.0
1689700863034,0.0
1689700863125,0.0
1689700863214,0.0
1689700863333,0.0
1689700863425,0.0
1689700863543,0.0
1689700863666,0.0
1689700863785,0.0
1689700863816,-0.12999999999999998
1689700863905,0.0
1689700864025,0.0
1689700864117,0.0
1689700864203,0.0
1689700864325,0.0
1689700864414,0.0
1689700864532,0.0
1689700864624,0.0
1689700864712,0.0
1689700864832,0.0
1689700864923,0.0
1689700865044,0.0
1689700865132,0.0
1689700865254,0.0
1689700865283,0.0
1689700865403,0.0
1689700865493,0.0
1689700865583,0.0
1689700865702,0.0
1689700865791,0.0
1689700865881,0.0
1689700866001,0.0
1689700866123,0.0
1689700866181,0.0
1689700866302,0.0
1689700866393,0.0
1689700866510,0.0
1689700866600,0.0
1689700866691,0.0
1689700866812,0.0
1689700866901,0.0
1689700867021,0.0
1689700867111,0.0
1689700867170,0.0
1689700867263,0.0
1689700867381,0.0
1689700867471,0.0
1689700867590,0.0
1689700867681,0.0
1689700867800,0.0
1689700867894,0.0
1689700868011,0.0
1689700868072,0.0
1689700868163,0.0
1689700868253,0.0
1689700868373,0.0
1689700868463,0.0
1689700868583,0.0
1689700868674,0.0
1689700868793,0.0
1689700868884,0.0
1689700868974,0.0
1689700869092,0.0
1689700869152,0.0
1689700869243,0.6799999999999999
1689700869363,4.029999999999999
1689700869452,7.89
1689700869542,9.439999999999998
1689700869664,12.249999999999998
1689700869752,12.759999999999998
1689700869873,12.27
1689700869963,12.719999999999999
1689700870081,12.479999999999999
1689700870112,12.34
1689700870234,12.35
1689700870385,12.569999999999999
1689700870473,12.589999999999998
1689700870532,12.54
1689700870681,12.51
1689700870711,12.499999999999998
1689700870831,12.51
1689700870921,12.51
1689700871041,12.499999999999998
1689700871130,12.499999999999998
1689700871221,12.499999999999998
1689700871340,12.499999999999998
1689700871431,12.499999999999998
1689700871550,12.499999999999998
1689700871640,12.499999999999998
1689700871731,12.499999999999998
1689700871850,12.499999999999998
1689700871941,12.51
1689700872001,12.51
1689700872091,12.51
1689700872209,12.51
1689700872299,12.52
1689700872419,18.47
1689700872509,25.49
1689700872601,14.669999999999998
1689700872720,12.54
1689700872826,12.54
1689700872933,12.54
1689700873023,12.53
1689700873113,12.53
1689700873231,12.53
1689700873323,12.52
1689700873383,12.52
1689700873473,12.52
1689700873591,12.52
1689700873683,12.52
1689700873772,12.52
1689700873893,12.52
1689700873983,12.52
1689700874104,12.52
1689700874224,12.52
1689700874313,12.52
1689700874434,12.52
1689700874463,12.52
1689700874611,12.52
1689700874733,12.52
1689700874821,12.52
1689700874882,12.53
1689700874972,12.53
1689700875062,12.53
1689700875182,12.53
1689700875271,12.53
1689700875391,12.53
1689700875480,12.53
1689700875571,12.53
1689700875691,12.53
1689700875781,12.53
1689700875901,12.53
1689700875991,12.53
1689700876082,12.54
1689700876144,12.54
1689700876260,12.54
1689700876351,12.54
1689700876469,12.54
1689700876559,12.54
1689700876651,12.54
1689700876769,12.54
1689700876860,12.54
1689700876979,12.54
1689700877038,12.54
1689700877188,12.54
1689700877220,12.54
1689700877338,12.54
1689700877429,12.54
1689700877550,12.54
1689700877638,12.54
1689700877729,12.54
1689700877850,12.54
1689700877941,12.54
1689700878061,12.54
1689700878151,12.54
1689700878211,12.54
1689700878329,12.61
1689700878421,12.589999999999998
1689700878541,12.479999999999999
1689700878630,12.489999999999998
1689700878749,12.489999999999998
1689700878842,12.51
1689700878930,12.52
1689700879051,12.47
1689700879141,12.479999999999999
1689700879202,12.489999999999998
1689700879292,12.499999999999998
1689700879412,12.51
1689700879502,12.51
1689700879621,12.51
1689700879713,12.51
1689700879831,12.51
1689700879922,12.52
1689700880014,12.52
1689700880132,12.52
1689700880222,12.52
1689700880341,12.52
1689700880434,12.52
1689700880551,12.52
1689700880583,12.52
1689700880702,12.52
1689700880793,12.52
1689700880910,12.52
1689700881002,12.52
1689700881091,12.52
1689700881210,12.52
1689700881301,12.52
1689700881421,12.52
1689700881511,12.52
1689700881602,12.52
1689700881720,12.52
1689700881752,12.53
1689700881871,12.53
1689700881962,12.54
1689700882081,12.54
1689700882171,12.54
1689700882262,12.54
1689700882382,12.54
1689700882472,12.54
1689700882591,12.54
1689700882681,12.54
1689700882773,12.54
1689700882894,12.54
1689700882982,12.54
1689700883074,12.54
1689700883194,12.54
1689700883284,12.54
1689700883404,12.54
1689700883493,12.54
1689700883584,12.54
1689700883705,12.54
1689700883733,12.54
1689700883854,12.54
1689700883944,12.54
1689700884062,12.54
1689700884153,12.54
1689700884245,12.54
1689700884364,12.54
1689700884453,12.54
1689700884575,12.54
1689700884665,12.54
1689700884785,12.53
1689700884874,12.53
1689700884964,12.44
1689700885053,12.52
1689700885174,12.549999999999999
1689700885264,12.549999999999999
1689700885325,12.54
1689700885445,12.53
1689700885533,12.53
1689700885623,12.53
1689700885742,12.53
1689700885834,12.53
1689700885954,12.53
1689700886041,12.53
1689700886164,12.53
1689700886251,12.52
1689700886343,12.52
1689700886432,12.52
1689700886551,12.52
1689700886643,12.52
1689700886702,12.52
1689700886822,12.51
1689700886912,12.51
1689700887031,12.51
1689700887122,12.51
1689700887214,12.51
1689700887332,12.51
1689700887422,12.51
1689700887482,12.51
1689700887601,12.52
1689700887690,12.52
1689700887813,12.52
1689700887902,12.52
1689700887992,12.53
1689700888113,12.53
1689700888203,12.53
1689700888324,12.53
1689700888413,12.53
1689700888533,12.53
1689700888621,12.53
1689700888711,12.53
1689700888802,12.53
1689700888891,12.53
1689700888981,12.53
1689700889100,12.53
1689700889192,12.54
1689700889282,12.54
1689700889403,12.54
1689700889521,12.54
1689700889552,12.52
1689700889701,12.52
1689700889761,12.52
1689700889852,12.52
1689700889974,12.52
1689700890062,12.52
1689700890152,12.52
1689700890274,12.52
1689700890364,12.52
1689700890454,12.52
1689700890575,12.52
1689700890663,12.52
1689700890785,12.54
1689700890875,12.54
1689700890964,12.54
1689700891085,12.54
1689700891173,12.54
1689700891265,12.54
1689700891385,12.54
1689700891474,12.54
1689700891564,12.54
1689700891686,12.54
1689700891773,12.54
1689700891894,12.54
1689700891985,12.53
1689700892043,12.53
1689700892133,12.53
1689700892224,12.53
1689700892343,12.52
1689700892434,12.52
1689700892555,12.52
1689700892643,12.52
1689700892764,12.52
1689700892856,12.52
1689700892946,12.52
1689700893066,12.52
1689700893157,12.52
1689700893246,12.52
1689700893364,12.52
1689700893456,12.52
1689700893577,12.53
1689700893605,12.53
1689700893726,12.53
1689700893815,12.53
1689700893905,12.53
1689700894028,12.53
1689700894116,12.53
1689700894236,12.53
1689700894327,12.53
1689700894415,12.53
1689700894536,12.53
1689700894623,12.53
1689700894714,12.53
1689700894834,12.53
1689700894925,12.53
1689700895015,12.53
1689700895135,12.52
1689700895226,12.52
1689700895346,12.52
1689700895433,12.52
1689700895526,12.53
1689700895645,12.53
1689700895733,12.53
1689700895824,12.53
1689700895885,12.54
1689700895974,12.54
1689700896114,12.54
1689700896190,12.54
1689700896302,12.54
1689700896392,12.54
1689700896483,12.54
1689700896605,12.54
1689700896693,12.54
1689700896812,12.54
1689700896903,12.54
1689700897021,12.54
1689700897111,12.54
1689700897171,12.54
1689700897263,12.54
1689700897381,12.54
1689700897504,12.549999999999999
1689700897621,12.549999999999999
1689700897711,12.549999999999999
1689700897771,12.549999999999999
1689700897863,12.549999999999999
1689700897986,12.549999999999999
1689700898072,12.629999999999999
1689700898195,12.6
1689700898284,12.579999999999998
1689700898373,12.569999999999999
1689700898494,12.569999999999999
1689700898582,12.569999999999999
1689700898674,12.569999999999999
1689700898792,12.569999999999999
1689700898883,12.56
1689700898944,12.56
1689700899064,12.54
1689700899157,12.54
1689700899244,12.489999999999998
1689700899364,12.489999999999998
1689700899454,12.52
1689700899573,12.52
1689700899664,12.52
1689700899786,12.52
1689700899877,12.52
1689700899964,12.51
1689700900083,12.51
1689700900174,12.51
1689700900233,12.51
1689700900323,12.51
1689700900444,12.52
1689700900534,12.52
1689700900655,12.52
1689700900743,12.52
1689700900863,12.52
1689700900953,12.52
1689700901014,12.53
1689700901133,12.53
1689700901223,12.53
1689700901314,12.53
1689700901435,12.53
1689700901522,12.53
1689700901643,12.54
1689700901734,12.54
1689700901853,12.54
1689700901944,12.54
1689700902006,12.54
1689700902124,12.54
1689700902214,12.54
1689700902307,12.54
1689700902424,12.54
1689700902516,12.54
1689700902634,12.54
1689700902724,12.54
1689700902847,12.54
1689700902937,12.54
1689700902996,12.53
1689700903088,12.53
1689700903206,12.53
1689700903354,12.53
1689700903384,12.53
1689700903504,12.53
1689700903595,12.53
1689700903683,12.53
1689700903804,13.099999999999998
1689700903893,8.669999999999998
1689700903985,-45.269999999999996
1689700904104,-85.03999999999999
1689700904194,-87.2
1689700904285,-87.18999999999998
1689700904404,-87.18999999999998
1689700904493,-87.18999999999998
1689700904614,-87.2
1689700904705,-87.21
1689700904826,-87.21
1689700904856,-87.07
1689700904974,-67.27999999999999
1689700905065,14.09
1689700905156,34.98
1689700905274,14.87
1689700905365,12.56
1689700905483,14.78
1689700905603,18.269999999999996
1689700905694,14.169999999999998
1689700905785,12.11
1689700905904,1.46
1689700905992,-0.73
1689700906087,16.999999999999996
1689700906222,24.159999999999997
1689700906293,15.279999999999998
1689700906382,12.549999999999999
1689700906501,12.54
1689700906532,12.53
1689700906651,12.53
1689700906743,12.52
1689700906864,12.52
1689700906953,12.52
1689700907072,12.52
1689700907164,12.52
1689700907255,12.52
1689700907376,12.51
1689700907464,12.51
1689700907585,12.51
1689700907673,12.51
1689700907735,12.51
1689700907825,12.51
1689700907945,12.51
1689700908036,12.51
1689700908125,12.51
1689700908245,12.51
1689700908335,12.51
1689700908457,12.51
1689700908545,12.52
1689700908666,12.52
1689700908756,12.52
1689700908844,12.52
1689700908964,12.53
1689700909022,12.53
1689700909114,12.54
1689700909234,12.54
1689700909324,12.54
1689700909415,12.54
1689700909533,12.54
1689700909624,12.54
1689700909744,12.54
1689700909833,12.54
1689700909925,12.54
1689700910044,12.54
1689700910134,12.53
1689700910193,12.53
1689700910284,12.53
1689700910404,12.53
1689700910495,12.52
1689700910614,12.52
1689700910705,12.52
1689700910795,12.52
1689700910915,12.52
1689700911004,12.52
1689700911096,12.52
1689700911186,12.52
1689700911305,12.53
1689700911458,12.53
1689700911487,12.53
1689700911605,12.53
1689700911696,12.52
1689700911817,12.749999999999998
1689700911907,17.13
1689700912028,17.71
1689700912118,12.889999999999999
1689700912236,12.54
1689700912326,12.53
1689700912417,12.54
1689700912535,12.54
1689700912595,12.54
1689700912687,12.54
1689700912807,12.53
1689700912897,12.54
1689700912988,12.54
1689700913107,12.54
1689700913198,12.54
1689700913289,12.54
1689700913409,12.53
1689700913499,12.53
1689700913589,12.52
1689700913649,12.52
1689700913740,12.51
1689700913858,12.51
1689700914517,0.0
1689700914579,0.0
1689700914667,0.0
1689700914759,0.0
1689700914879,0.0
1689700914966,0.0
1689700915060,0.0
1689700915178,0.0
1689700915270,0.0
1689700915388,0.0
1689700915449,0.0
1689700915539,0.0
1689700915659,0.0
1689700915749,0.0
1689700915868,0.0
1689700915958,0.0
1689700916018,0.0
1689700916196,0.0
1689700916259,0.0
1689700916319,0.0
1689700916439,0.0
1689700916529,0.0
1689700916649,0.0
1689700916739,0.0
1689700916860,0.0
1689700916950,0.0
1689700917070,0.0
1689700917159,0.0
1689700917219,0.0
1689700917311,0.0
1689700917399,0.0
1689700917519,0.0
1689700917610,0.0
1689700917730,0.0
1689700917820,0.0
1689700917915,0.0
1689700918029,0.0
1689700918121,0.0
1689700918241,0.0
1689700918330,0.0
1689700918450,0.0
1689700918511,0.0
1689700918601,0.0
1689700918721,0.0
1689700918812,0.0
1689700918931,0.0
1689700919018,0.0
1689700919111,0.0
1689700919230,0.0
1689700919321,0.0
1689700919411,0.0
1689700919501,0.0
1689700919591,0.0
1689700919711,0.0
1689700919799,0.0
1689700919918,0.0
1689700920010,0.0
1689700920131,0.0
1689700920219,0.0
1689700920279,0.0
1689700920369,0.0
1689700920490,0.0
1689700920578,0.0
1689700920697,0.0
1689700920790,0.0
1689700920908,0.0
1689700920998,0.0
1689700921117,0.0
1689700921180,0.0
1689700921270,0.0
1689700921359,0.0
1689700921479,0.0
1689700921569,0.0
1689700921690,0.0
1689700921778,0.0
1689700921868,0.0
1689700921988,0.0
1689700922079,0.0
1689700922168,0.0
1689700922288,0.0
1689700922378,0.0
1689700922498,0.0
1689700922529,0.0
1689700922648,0.0
1689700922739,0.0
1689700922874,0.0
1689700922950,0.0
1689700923070,0.0
1689700923160,0.0
1689700923279,0.0
1689700923369,0.0
1689700923488,0.0
1689700923520,0.0
1689700923640,0.0
1689700923731,0.0
1689700923821,0.0
1689700923940,0.0
1689700924028,0.0
1689700924150,0.0
1689700924244,0.0
1689700924361,0.0
1689700924448,0.0
1689700924571,0.0
1689700924662,0.0
1689700924749,0.0
1689700924871,0.0
1689700924900,0.0
1689700925018,0.0
1689700925114,0.23999999999999996
1689700925230,1.3699999999999999
1689700925320,2.32
1689700925438,3.1699999999999995
1689700925531,4.159999999999999
1689700925619,5.249999999999999
1689700925740,6.32
1689700925830,7.09
1689700925949,7.609999999999999
1689700926040,8.08
1689700926178,8.669999999999998
1689700926235,9.28
1689700926342,8.76
1689700926433,14.309999999999999
1689700926521,18.14
1689700926640,14.849999999999998
1689700926731,15.489999999999998
1689700926791,20.97
1689700926911,18.32
1689700927002,16.38
1689700927093,18.3
1689700927210,16.909999999999997
1689700927303,14.479999999999999
1689700927422,21.15
1689700927512,25.659999999999997
1689700927631,24.06
1689700927692,21.03
1689700927782,25.96
1689700927906,27.47
1689700927994,24.02
1689700928084,29.099999999999998
1689700928204,31.34
1689700928292,21.97
1689700928383,25.08
1689700928504,33.37
1689700928595,33.37
1689700928684,29.689999999999998
1689700928779,35.879999999999995
1689700928897,39.379999999999995
1689700928984,34.24999999999999
1689700929104,30.419999999999998
1689700929197,40.33
1689700929285,47.129999999999995
1689700929348,41.76
1689700929465,41.239999999999995
1689700929553,46.36999999999999
1689700929672,42.76
1689700929764,35.31
1689700929883,46.04
1689700929973,53.64
1689700930099,50.55
1689700930151,49.3
1689700930242,54.589999999999996
1689700930366,55.41
1689700930454,48.37
1689700930573,53.93999999999999
1689700930668,58.879999999999995
1689700930785,53.07999999999999
1689700930873,48.849999999999994
1689700930969,60.71
1689700931088,67.11
1689700931173,61.48
1689700931270,59.85999999999999
1689700931355,66.76
1689700931448,64.96000000000001
1689700931564,58.1
1689700931656,67.58999999999999
1689700931773,77.28999999999999
1689700931865,86.96
1689700931956,69.99999999999999
1689700932073,68.69
1689700932164,76.94999999999999
1689700932283,76.32
1689700932313,65.88
1689700932432,77.1
1689700932524,82.05
1689700932643,83.02
1689700932733,78.8
1689700932875,83.15
1689700932944,85.57999999999998
1689700933065,76.42
1689700933159,80.39999999999999
1689700933215,90.13
1689700933309,91.25999999999999
1689700933427,76.62999999999998
1689700933513,85.21999999999997
1689700933604,96.10999999999999
1689700933728,102.28999999999998
1689700933815,94.80999999999997
1689700933935,96.28999999999998
1689700934029,102.53999999999998
1689700934115,97.09999999999998
1689700934235,94.39999999999998
1689700934329,102.31999999999998
1689700934413,108.74999999999999
1689700934535,101.40999999999998
1689700934622,103.08999999999999
1689700934747,107.64999999999998
1689700934773,106.64999999999998
1689700934898,99.75999999999999
1689700934983,107.67999999999998
1689700935073,110.76999999999998
1689700935197,112.29999999999998
1689700935283,115.75999999999998
1689700935402,124.73999999999997
1689700935496,118.15999999999997
1689700935615,115.48999999999998
1689700935706,117.64999999999998
1689700935797,119.47999999999998
1689700935915,110.13999999999997
1689700936003,113.07999999999998
1689700936143,121.90999999999997
1689700936183,126.24
1689700936273,129.86999999999998
1689700936392,127.29999999999997
1689700936482,128.26999999999995
1689700936573,129.53999999999996
1689700936692,137.93999999999994
1689700936783,134.65999999999997
1689700936903,130.37999999999997
1689700936993,135.37999999999997
1689700937113,157.31999999999996
1689700937142,158.08999999999995
1689700937263,134.97999999999996
1689700937351,136.18999999999997
1689700937442,138.98999999999998
1689700937561,138.16999999999996
1689700937652,135.04999999999998
1689700937773,137.68999999999994
1689700937863,142.54999999999995
1689700937987,148.75999999999996
1689700938042,149.32999999999996
1689700938133,156.43999999999997
1689700938257,152.89999999999995
1689700938344,148.03999999999996
1689700938464,148.46999999999997
1689700938558,149.45999999999995
1689700938675,150.63999999999996
1689700938763,152.02999999999997
1689700938885,153.30999999999997
1689700938977,154.56999999999996
1689700939063,155.53999999999996
1689700939183,156.42999999999995
1689700939275,157.26999999999995
1689700939336,158.08999999999995
1689700939428,158.95999999999995
1689700939515,160.02999999999994
1689700939635,161.46999999999997
1689700939729,162.75999999999996
1689700939846,164.12999999999997
1689700939933,165.36999999999995
1689700940053,166.43999999999997
1689700940146,167.31999999999996
1689700940232,168.05999999999995
1689700940351,168.70999999999998
1689700940446,169.50999999999996
1689700940563,170.63999999999996
1689700940652,171.95999999999998
1689700940713,173.44999999999996
1689700940831,174.83999999999997
1689700940922,175.82999999999996
1689700941015,176.78999999999996
1689700941132,177.60999999999996
1689700941222,178.42999999999995
1689700941316,179.32999999999996
1689700941433,180.46999999999997
1689700941522,181.86999999999998
1689700941617,183.24999999999997
1689700941734,184.65999999999997
1689700941823,185.74999999999997
1689700941942,186.72999999999996
1689700942035,187.81999999999996
1689700942091,188.79999999999995
1689700942184,189.60999999999996
1689700942271,190.64
1689700942390,192.0
1689700942485,193.36
1689700942602,194.70999999999998
1689700942691,195.80999999999997
1689700942811,196.73999999999998
1689700942903,197.52999999999997
1689700942992,198.29
1689700943112,198.99
1689700943204,199.92999999999998
1689700943321,201.17999999999998
1689700943413,202.43999999999994
1689700943504,203.75999999999996
1689700943560,204.88999999999996
1689700943656,205.67999999999998
1689700943772,206.38999999999996
1689700943862,207.14999999999998
1689700943982,207.85999999999996
1689700944072,208.84999999999994
1689700944192,210.05999999999997
1689700944281,211.32999999999996
1689700944372,212.33999999999997
1689700944491,213.27999999999997
1689700944578,213.87999999999997
1689700944672,214.48999999999995
1689700944790,215.17999999999995
1689700944877,215.73999999999995
1689700944974,216.48999999999995
1689700945090,217.48999999999995
1689700945178,218.39999999999995
1689700945274,219.14999999999995
1689700945391,219.67999999999995
1689700945450,220.07999999999996
1689700945541,220.53999999999996
1689700945657,220.83999999999995
1689700945748,221.20999999999995
1689700945839,221.80999999999995
1689700945958,222.43999999999997
1689700946048,223.11999999999995
1689700946172,223.58999999999995
1689700946258,223.77999999999994
1689700946377,223.80999999999995
1689700946466,224.01999999999995
1689700946527,224.24999999999994
1689700946618,224.58999999999995
1689700946737,224.88999999999996
1689700946826,225.21999999999994
1689700946918,225.46999999999994
1689700947037,225.59999999999997
1689700947128,225.89999999999995
1689700947250,226.22999999999996
1689700947338,226.56999999999996
1689700947460,227.13999999999996
1689700947549,227.65999999999997
1689700947638,228.11999999999995
1689700947757,228.57999999999996
1689700947866,228.82999999999996
1689700947940,228.79999999999995
1689700948030,228.77999999999994
1689700948150,228.75999999999996
1689700948240,228.75999999999996
1689700948360,228.75999999999996
1689700948451,228.65999999999997
1689700948539,228.68999999999994
1689700948630,228.68999999999994
1689700948748,228.69999999999996
1689700948838,228.70999999999995
1689700948929,228.65999999999997
1689700949049,228.65999999999997
1689700949079,228.67999999999995
1689700949201,228.67999999999995
1689700949291,228.68999999999994
1689700949410,228.68999999999994
1689700949500,228.68999999999994
1689700949618,228.69999999999996
1689700949708,228.69999999999996
1689700949801,228.69999999999996
1689700949919,228.70999999999995
1689700950009,228.70999999999995
1689700950129,228.70999999999995